4.000000000000000000e+01 1.110980018254910829e+04 5.855306378366190861e-02
4.100000000000000000e+01 1.039670673186963541e+04 5.479533767689047374e-02
4.200000000000000000e+01 9.746222039756317827e+03 5.136683897519703917e-02
4.300000000000000000e+01 9.151162985960560036e+03 4.823153246357587964e-02
4.400000000000000000e+01 8.606108530149105718e+03 4.535806932482113613e-02
4.500000000000000000e+01 8.105475705649734664e+03 4.271908582272422594e-02
4.600000000000000000e+01 7.644611057302708105e+03 4.029062112085694120e-02
4.700000000000000000e+01 7.219833164481223321e+03 3.805162917759164626e-02
4.800000000000000000e+01 6.827420108274553058e+03 3.598357042436249598e-02
4.900000000000000000e+01 6.464240361516652229e+03 3.407006763641269587e-02
5.000000000000000000e+01 6.127853625281103632e+03 3.229661502877125695e-02
5.100000000000000000e+01 5.815506129661582236e+03 3.065033146444690396e-02
5.200000000000000000e+01 5.525041843378178783e+03 2.911975036281613458e-02
5.300000000000000000e+01 5.254684800931585414e+03 2.769464025815552080e-02
5.400000000000000000e+01 5.002603030492418839e+03 2.636585104939763446e-02
5.500000000000000000e+01 4.767178933859686367e+03 2.512518186027221101e-02
5.600000000000000000e+01 4.547077826872467085e+03 2.396526711071730181e-02
5.700000000000000000e+01 4.341090810301298006e+03 2.287947812341059248e-02
5.800000000000000000e+01 4.147998133393963144e+03 2.186183776798164557e-02
5.900000000000000000e+01 3.966811983892256649e+03 2.090694625597818920e-02
6.000000000000000000e+01 3.796611132090944011e+03 2.000991655349776757e-02
6.100000000000000000e+01 3.636549364710571808e+03 1.916631795092343937e-02
6.200000000000000000e+01 3.485873196282647314e+03 1.837212666265153685e-02
6.300000000000000000e+01 3.343864732535093935e+03 1.762368248253292496e-02
6.400000000000000000e+01 3.209881806201155996e+03 1.691765066897215827e-02
6.500000000000000000e+01 3.083379822536048778e+03 1.625098835736557557e-02
6.600000000000000000e+01 2.963896611944483084e+03 1.562091490116781535e-02
6.700000000000000000e+01 2.850769017705778424e+03 1.502488562988244999e-02
6.800000000000000000e+01 2.743709572185496654e+03 1.446056858554717502e-02
6.900000000000000000e+01 2.642244187638931635e+03 1.392582386116316545e-02
7.000000000000000000e+01 2.546011588515209496e+03 1.341868521688086534e-02
7.100000000000000000e+01 2.454676395395122654e+03 1.293734369300151600e-02
7.200000000000000000e+01 2.367952031747881847e+03 1.248013298498288834e-02
7.300000000000000000e+01 2.285468235467888007e+03 1.204551635634033488e-02
7.400000000000000000e+01 2.207023671619385823e+03 1.163207492257055560e-02
7.500000000000000000e+01 2.132360606462013038e+03 1.123849714013728900e-02
7.600000000000000000e+01 2.061245067169028516e+03 1.086356936408719963e-02
7.700000000000000000e+01 1.993436071425026284e+03 1.050616735363854755e-02
7.800000000000000000e+01 1.928721127766471682e+03 1.016524861990666939e-02
7.900000000000000000e+01 1.866968339613455328e+03 9.839845522538132397e-03
8.000000000000000000e+01 1.808015500358190593e+03 9.529059032688599537e-03
8.100000000000000000e+01 1.751677988714419826e+03 9.232053088765327167e-03
8.200000000000000000e+01 1.697773256578914470e+03 8.948049478984806265e-03
8.300000000000000000e+01 1.646224819444762488e+03 8.676323191488147929e-03
8.400000000000000000e+01 1.596873222756439191e+03 8.416198179050661185e-03
8.500000000000000000e+01 1.549589941640477036e+03 8.167043491903355421e-03
8.600000000000000000e+01 1.504280531736454350e+03 7.928269739297543264e-03
8.700000000000000000e+01 1.460839630035977279e+03 7.699325848200892254e-03
8.800000000000000000e+01 1.419158020126088331e+03 7.479696095253784982e-03
8.900000000000000000e+01 1.379180370189195628e+03 7.268897394544220070e-03
9.000000000000000000e+01 1.340768128379570499e+03 7.066476827442973868e-03
9.100000000000000000e+01 1.303871423166751129e+03 6.872009400906678618e-03
9.200000000000000000e+01 1.268407606933604029e+03 6.685096017837475167e-03
9.300000000000000000e+01 1.234308507174374427e+03 6.505361638326859555e-03
9.400000000000000000e+01 1.201499407202632028e+03 6.332453611841846325e-03
9.500000000000000000e+01 1.169933979513878057e+03 6.166040150095396417e-03
9.600000000000000000e+01 1.139512879790252327e+03 6.005808923972002708e-03
9.700000000000000000e+01 1.110236770267870952e+03 5.851465765851095353e-03
9.800000000000000000e+01 1.082013995840882444e+03 5.702733463782079341e-03
9.900000000000000000e+01 1.054808200960509566e+03 5.559350638854608333e-03
1.000000000000000000e+02 1.028589823925613473e+03 5.421070689929753141e-03
1.010000000000000000e+02 1.003267361398076105e+03 5.287660849455963485e-03
1.020000000000000000e+02 9.788379606309306382e+02 5.158901251708029011e-03
1.030000000000000000e+02 9.552439094369354962e+02 5.034584098233062244e-03
1.040000000000000000e+02 9.324658672107200346e+02 4.914512880810318132e-03
1.050000000000000000e+02 9.104557932796236628e+02 4.798501658947456651e-03
1.060000000000000000e+02 8.891742024112694480e+02 4.686374373316445560e-03
1.070000000000000000e+02 8.686052660033210486e+02 4.577964276919736612e-03
1.080000000000000000e+02 8.487147916740930214e+02 4.473113306985518518e-03
1.090000000000000000e+02 8.294563247936644075e+02 4.371671555203472323e-03
1.100000000000000000e+02 8.108496080895752129e+02 4.273496789892645108e-03
1.110000000000000000e+02 7.927999364994385587e+02 4.178454007372205126e-03
1.120000000000000000e+02 7.753470310920445172e+02 4.086414942245743254e-03
1.130000000000000000e+02 7.584242806449231011e+02 3.997257753051142865e-03
1.140000000000000000e+02 7.420312261963749734e+02 3.910866556224109128e-03
1.150000000000000000e+02 7.261463774782491782e+02 3.827131180989498237e-03
1.160000000000000000e+02 7.107469991105051577e+02 3.745946771035421272e-03
1.170000000000000000e+02 6.958039128070080324e+02 3.667213489105597066e-03
1.180000000000000000e+02 6.813145038565706955e+02 3.590836226965261717e-03
1.190000000000000000e+02 6.672510973839339385e+02 3.516724401949665544e-03
1.200000000000000000e+02 6.536021735566614552e+02 3.444791645776951010e-03
1.210000000000000000e+02 6.403524408918287918e+02 3.374955585284711117e-03
1.220000000000000000e+02 6.274864084559407047e+02 3.307137641759303609e-03
1.230000000000000000e+02 6.149860919470579574e+02 3.241262812083362324e-03
1.240000000000000000e+02 6.028480074661631534e+02 3.177259482049010503e-03
1.250000000000000000e+02 5.910379042393279860e+02 3.115059247255353662e-03
1.260000000000000000e+02 5.795687172029303156e+02 3.054596743047964004e-03
1.270000000000000000e+02 5.684114437967542699e+02 2.995809488536505406e-03
1.280000000000000000e+02 5.575668753710777992e+02 2.938637734858580257e-03
1.290000000000000000e+02 5.470088321630119026e+02 2.883024323958803450e-03
1.300000000000000000e+02 5.367469967761654743e+02 2.828914564332438500e-03
1.310000000000000000e+02 5.267555660573834757e+02 2.776256093783164777e-03
1.320000000000000000e+02 5.170296614509520623e+02 2.724998774281857557e-03
1.330000000000000000e+02 5.075604061418281390e+02 2.675094575645322464e-03
1.340000000000000000e+02 4.983443941847618817e+02 2.626497469284108741e-03
1.350000000000000000e+02 4.893615649793158013e+02 2.579163337793370300e-03
1.360000000000000000e+02 4.806097868935581801e+02 2.533049872234258669e-03
1.370000000000000000e+02 4.720868656514350050e+02 2.488116496840781476e-03
1.380000000000000000e+02 4.637776467358336845e+02 2.444324275521731187e-03
1.390000000000000000e+02 4.556805671657948551e+02 2.401635831029799717e-03
1.400000000000000000e+02 4.477808944491624743e+02 2.360015280359321291e-03
1.410000000000000000e+02 4.400825370882985226e+02 2.319428162487935548e-03
1.420000000000000000e+02 4.325649995323009875e+02 2.279841383842543586e-03
1.430000000000000000e+02 4.252386073793475134e+02 2.241223132857396612e-03
1.440000000000000000e+02 4.180910825678567448e+02 2.203542831016118506e-03
1.450000000000000000e+02 4.111182567599632875e+02 2.166771076666759808e-03
1.460000000000000000e+02 4.043086750968464003e+02 2.130879591771494674e-03
1.470000000000000000e+02 3.976589356800565724e+02 2.095841171418496348e-03
1.480000000000000000e+02 3.911677332283966848e+02 2.061629635934778947e-03
1.490000000000000000e+02 3.848312909998406894e+02 2.028219785449222098e-03
1.500000000000000000e+02 3.786359272200193118e+02 1.995587356764708543e-03
1.510000000000000000e+02 3.725881455595195462e+02 1.963708966240448970e-03
1.520000000000000000e+02 3.666774385268380456e+02 1.932562107387084333e-03
1.530000000000000000e+02 3.609030243949907231e+02 1.902125101149008176e-03
1.540000000000000000e+02 3.552608006155829798e+02 1.872377041545540167e-03
1.550000000000000000e+02 3.497395745691958382e+02 1.843297773921373636e-03
1.560000000000000000e+02 3.443441926438654264e+02 1.814867863174245144e-03
1.570000000000000000e+02 3.390756436471839947e+02 1.787068563524129433e-03
1.580000000000000000e+02 3.339132257905779966e+02 1.759881788964077695e-03
1.590000000000000000e+02 3.288687199048504226e+02 1.733290073481187459e-03
1.600000000000000000e+02 3.239320039509133267e+02 1.707276586810833408e-03
