4.000000000000000000e+01 1.110954690789706547e+04 5.855306868809668358e-02
4.100000000000000000e+01 1.039668312635460643e+04 5.479534174884032049e-02
4.200000000000000000e+01 9.746095371318264370e+03 5.136684225709942792e-02
4.300000000000000000e+01 9.151316201575216837e+03 4.823153497463688461e-02
4.400000000000000000e+01 8.606061781262549630e+03 4.535807105771229308e-02
4.500000000000000000e+01 8.105391112368755785e+03 4.271908704358017006e-02
4.600000000000000000e+01 7.644668508213833775e+03 4.029062172901615169e-02
4.700000000000000000e+01 7.219814168017996963e+03 3.805162902370667899e-02
4.800000000000000000e+01 6.827427930462085897e+03 3.598356930744826820e-02
4.900000000000000000e+01 6.464366006244346863e+03 3.407006529215191037e-02
5.000000000000000000e+01 6.127837774590323534e+03 3.229661111619409886e-02
5.100000000000000000e+01 5.815423870173091927e+03 3.065032555119424559e-02
5.200000000000000000e+01 5.525026479714180823e+03 2.911974190937393486e-02
5.300000000000000000e+01 5.254691419577095985e+03 2.769462860166201079e-02
5.400000000000000000e+01 5.002556383542183539e+03 2.636583538786641326e-02
5.500000000000000000e+01 4.767160531950295990e+03 2.512516123833128528e-02
5.600000000000000000e+01 4.547110367242782559e+03 2.396524043618284555e-02
5.700000000000000000e+01 4.341098076388854679e+03 2.287944412521479912e-02
5.800000000000000000e+01 4.147992213880032978e+03 2.186179497773195479e-02
5.900000000000000000e+01 3.966809446690358072e+03 2.090689304047507399e-02
6.000000000000000000e+01 3.796596227468366124e+03 2.000985113180810473e-02
6.100000000000000000e+01 3.636567215275789295e+03 1.916623842288880941e-02
6.200000000000000000e+01 3.485858493478426226e+03 1.837203105007872289e-02
6.300000000000000000e+01 3.343817700911543852e+03 1.762356878377407954e-02
6.400000000000000000e+01 3.209891837580966239e+03 1.691751692688509001e-02
6.500000000000000000e+01 3.083377956234275189e+03 1.625083273977182344e-02
6.600000000000000000e+01 2.963809998919743975e+03 1.562073579193796156e-02
6.700000000000000000e+01 2.850720592647060585e+03 1.502468172773298652e-02
6.800000000000000000e+01 2.743670299192096991e+03 1.446033900660335762e-02
6.900000000000000000e+01 2.642202461163826683e+03 1.392556824041015807e-02
7.000000000000000000e+01 2.545969058654036871e+03 1.341840380290869848e-02
7.100000000000000000e+01 2.454599880259713700e+03 1.293703743122754692e-02
7.200000000000000000e+01 2.367859195887666829e+03 1.247980357736497292e-02
7.300000000000000000e+01 2.285413012116656773e+03 1.204516630038009357e-02
7.400000000000000000e+01 2.206975986647889385e+03 1.163170751794396184e-02
7.500000000000000000e+01 2.132276982239053268e+03 1.123811645992739590e-02
7.600000000000000000e+01 2.061136321119798595e+03 1.086318018730920293e-02
7.700000000000000000e+01 1.993325622812052643e+03 1.050577505736551530e-02
7.800000000000000000e+01 1.928660035239138779e+03 1.016485903124622614e-02
7.900000000000000000e+01 1.866915355004472531e+03 9.839464733000177071e-03
8.000000000000000000e+01 1.807934872503289625e+03 9.528693180175483446e-03
8.100000000000000000e+01 1.751600287487566447e+03 9.231708115559371028e-03
8.200000000000000000e+01 1.697711258802969041e+03 8.947730877675036040e-03
8.300000000000000000e+01 1.646170836091092724e+03 8.676035754538253403e-03
8.400000000000000000e+01 1.596810190174358468e+03 8.415945771093289243e-03
8.500000000000000000e+01 1.549550687771441972e+03 8.166828865873493673e-03
8.600000000000000000e+01 1.504257956886086731e+03 7.928094416923403900e-03
8.700000000000000000e+01 1.460818810466307468e+03 7.699190081008226889e-03
8.800000000000000000e+01 1.419158262184356090e+03 7.479598913731346291e-03
8.900000000000000000e+01 1.379174858574785958e+03 7.268836741462497177e-03
9.000000000000000000e+01 1.340774341847386040e+03 7.066449759006930044e-03
9.100000000000000000e+01 1.303861970669300717e+03 6.872012329754674347e-03
9.200000000000000000e+01 1.268420789646248977e+03 6.685124967656328084e-03
9.300000000000000000e+01 1.234315552795162830e+03 6.505412482781759362e-03
9.400000000000000000e+01 1.201520238354238472e+03 6.332522274425593511e-03
9.500000000000000000e+01 1.169945624158657438e+03 6.166122757719267114e-03
9.600000000000000000e+01 1.139533539255574851e+03 6.005901911486834048e-03
9.700000000000000000e+01 1.110239743542297447e+03 5.851565936635223786e-03
9.800000000000000000e+01 1.082035806506873769e+03 5.702838015703192223e-03
9.900000000000000000e+01 1.054836225331290962e+03 5.559457165315194113e-03
1.000000000000000000e+02 1.028599636884434631e+03 5.421177174214116337e-03
1.010000000000000000e+02 1.003285905082292174e+03 5.287765620303070020e-03
1.020000000000000000e+02 9.788555486065187097e+02 5.159002960736256381e-03
1.030000000000000000e+02 9.552645458729945176e+02 5.034681689592330339e-03
1.040000000000000000e+02 9.324777906314251368e+02 4.914605558066749771e-03
1.050000000000000000e+02 9.104779642523408256e+02 4.798588852458419290e-03
1.060000000000000000e+02 8.892016550214578956e+02 4.686455725522682692e-03
1.070000000000000000e+02 8.686120547862161629e+02 4.578039577033394050e-03
1.080000000000000000e+02 8.487357334411988177e+02 4.473182479654806351e-03
1.090000000000000000e+02 8.294771457158450403e+02 4.371734646476803030e-03
1.100000000000000000e+02 8.108477262951206512e+02 4.273553936817795461e-03
1.110000000000000000e+02 7.928146116781814499e+02 4.178505397150104363e-03
1.120000000000000000e+02 7.753507826522181858e+02 4.086460834250157763e-03
1.130000000000000000e+02 7.584375180647125489e+02 3.997298417918161706e-03
1.140000000000000000e+02 7.420445840646128772e+02 3.910902310845559317e-03
1.150000000000000000e+02 7.261480293266472472e+02 3.827162323430139713e-03
1.160000000000000000e+02 7.107486851721263292e+02 3.745973591545592989e-03
1.170000000000000000e+02 6.958079037333212682e+02 3.667236275462869028e-03
1.180000000000000000e+02 6.813200058135888639e+02 3.590855278293525812e-03
1.190000000000000000e+02 6.672592957151792916e+02 3.516739982480866257e-03
1.200000000000000000e+02 6.536047667786341435e+02 3.444804003002822912e-03
1.210000000000000000e+02 6.403590394458890387e+02 3.374964956073250345e-03
1.220000000000000000e+02 6.274860892660493619e+02 3.307144242236140144e-03
1.230000000000000000e+02 6.149870770458221614e+02 3.241266842842701473e-03
1.240000000000000000e+02 6.028435532949280287e+02 3.177261128985218574e-03
1.250000000000000000e+02 5.910375088184773631e+02 3.115058682036245166e-03
1.260000000000000000e+02 5.795704352400223343e+02 3.054594125008208965e-03
1.270000000000000000e+02 5.684170999150001080e+02 2.995804964008055588e-03
1.280000000000000000e+02 5.575706719161382807e+02 2.938631439115549186e-03
1.290000000000000000e+02 5.470187260441474564e+02 2.883016384062717791e-03
1.300000000000000000e+02 5.367464761208647133e+02 2.828905094136779583e-03
1.310000000000000000e+02 5.267562706304137237e+02 2.776245201769961084e-03
1.320000000000000000e+02 5.170280773886616998e+02 2.724986559317525876e-03
1.330000000000000000e+02 5.075570923964300505e+02 2.675081128560370409e-03
1.340000000000000000e+02 4.983418486144193480e+02 2.626482876500968022e-03
1.350000000000000000e+02 4.893594096434704284e+02 2.579147677051515496e-03
1.360000000000000000e+02 4.806109751960359517e+02 2.533033218240935813e-03
1.370000000000000000e+02 4.720794673407542064e+02 2.488098914593384753e-03
1.380000000000000000e+02 4.637742001155215235e+02 2.444305824354692930e-03
1.390000000000000000e+02 4.556753028546582982e+02 2.401616571265555774e-03
1.400000000000000000e+02 4.477778529288285654e+02 2.359995270600817076e-03
1.410000000000000000e+02 4.400747513456259412e+02 2.319407459213314402e-03
1.420000000000000000e+02 4.325687195805124929e+02 2.279820029338465361e-03
1.430000000000000000e+02 4.252407743340521051e+02 2.241201165932180713e-03
1.440000000000000000e+02 4.180888327385497973e+02 2.203520287329940267e-03
1.450000000000000000e+02 4.111151176075489957e+02 2.166747989028933955e-03
1.460000000000000000e+02 4.043012381470213086e+02 2.130855990408315331e-03
1.470000000000000000e+02 3.976512562983338626e+02 2.095817084214727458e-03
1.480000000000000000e+02 3.911624219829491267e+02 2.061605088651552019e-03
1.490000000000000000e+02 3.848222944459292876e+02 2.028194801920788978e-03
1.500000000000000000e+02 3.786343112266818025e+02 1.995561959076238862e-03
1.510000000000000000e+02 3.725836245512522282e+02 1.963683191055639547e-03
1.520000000000000000e+02 3.666727645470833181e+02 1.932535985767888089e-03
1.530000000000000000e+02 3.608980697037208074e+02 1.902098651119237156e-03
1.540000000000000000e+02 3.552545616308468084e+02 1.872350279869663958e-03
1.550000000000000000e+02 3.497374052716398296e+02 1.843270716217399992e-03
1.560000000000000000e+02 3.443423548439760680e+02 1.814840524015904743e-03
1.570000000000000000e+02 3.390696629617302165e+02 1.787040956533433780e-03
1.580000000000000000e+02 3.339131050559162759e+02 1.759853927670900408e-03
1.590000000000000000e+02 3.288637857550209560e+02 1.733261984558799335e-03
1.600000000000000000e+02 3.239250355238500561e+02 1.707248281458728688e-03
