4.000000000000000000e+01 1.110925840061474082e+04 2.032406684469391933e-01
4.100000000000000000e+01 1.039667823549207242e+04 1.901974078273503121e-01
4.200000000000000000e+01 9.745903387328842655e+03 1.782969123608664774e-01
4.300000000000000000e+01 9.151380121774451254e+03 1.674141019095709559e-01
4.400000000000000000e+01 8.605994797045263113e+03 1.574401630483164005e-01
4.500000000000000000e+01 8.105426288087998728e+03 1.482801158113381257e-01
4.600000000000000000e+01 7.644818075316793511e+03 1.398507896480702117e-01
4.700000000000000000e+01 7.219876399791013682e+03 1.320791325125761917e-01
4.800000000000000000e+01 6.827491409822076093e+03 1.249007924436808248e-01
4.900000000000000000e+01 6.464429326950803443e+03 1.182589230445489914e-01
5.000000000000000000e+01 6.127804822331810101e+03 1.121031737344371643e-01
5.100000000000000000e+01 5.815259506081158179e+03 1.063888331169122459e-01
5.200000000000000000e+01 5.524887905963145386e+03 1.010760997376495829e-01
5.300000000000000000e+01 5.254704020836736163e+03 9.612945923252297353e-02
5.400000000000000000e+01 5.002533771497582165e+03 9.151715065416018979e-02
5.500000000000000000e+01 4.767151553200086710e+03 8.721070781305904906e-02
5.600000000000000000e+01 4.547173873562564950e+03 8.318456393271135563e-02
5.700000000000000000e+01 4.341169179227739733e+03 7.941570991732431473e-02
5.800000000000000000e+01 4.148012629019299311e+03 7.588339815958176915e-02
5.900000000000000000e+01 3.966822786323605214e+03 7.256888514809174684e-02
6.000000000000000000e+01 3.796581189700863888e+03 6.945520722774976841e-02
6.100000000000000000e+01 3.636639270189380113e+03 6.652698476712327891e-02
6.200000000000000000e+01 3.485884913416988638e+03 6.377025073162390090e-02
6.300000000000000000e+01 3.343769835348799461e+03 6.117230027882395588e-02
6.400000000000000000e+01 3.209938014046610988e+03 5.872155850614734635e-02
6.500000000000000000e+01 3.083376069111347078e+03 5.640746391012065736e-02
6.600000000000000000e+01 2.963769891556879429e+03 5.422036547559976744e-02
6.700000000000000000e+01 2.850690124399666274e+03 5.215143161519287390e-02
6.800000000000000000e+01 2.743704595520917337e+03 5.019256943349363620e-02
6.900000000000000000e+01 2.642231273752716788e+03 4.833635300586372474e-02
7.000000000000000000e+01 2.545983746061896454e+03 4.657595954400461924e-02
7.100000000000000000e+01 2.454524791967829515e+03 4.490511247586036897e-02
7.200000000000000000e+01 2.367817070721076107e+03 4.331803059991948951e-02
7.300000000000000000e+01 2.285421398453329857e+03 4.180938258734620550e-02
7.400000000000000000e+01 2.207012203926970415e+03 4.037424620251894858e-02
7.500000000000000000e+01 2.132262909168382976e+03 3.900807169589933648e-02
7.600000000000000000e+01 2.061118528658212199e+03 3.770664889468214320e-02
7.700000000000000000e+01 1.993313160839902821e+03 3.646607757803504296e-02
7.800000000000000000e+01 1.928693733557364340e+03 3.528274077630659533e-02
7.900000000000000000e+01 1.866935578611010669e+03 3.415328067855095961e-02
8.000000000000000000e+01 1.807916235955816774e+03 3.307457687112397293e-02
8.100000000000000000e+01 1.751617157710921902e+03 3.204372666286484095e-02
8.200000000000000000e+01 1.697708024154974964e+03 3.105802728033083687e-02
8.300000000000000000e+01 1.646192564946993798e+03 3.011495974045108950e-02
8.400000000000000000e+01 1.596802164467034800e+03 2.921217422850312315e-02
8.500000000000000000e+01 1.549560223934653777e+03 2.834747682710805905e-02
8.600000000000000000e+01 1.504277243796208722e+03 2.751881745753018832e-02
8.700000000000000000e+01 1.460819311577023655e+03 2.672427890841293230e-02
8.800000000000000000e+01 1.419168514745623952e+03 2.596206683956077399e-02
8.900000000000000000e+01 1.379199707456660917e+03 2.523050065976876338e-02
9.000000000000000000e+01 1.340798482210554994e+03 2.452800518821049089e-02
9.100000000000000000e+01 1.303835546296708571e+03 2.385310301864467311e-02
9.200000000000000000e+01 1.268439345277357461e+03 2.320440751475087368e-02
9.300000000000000000e+01 1.234316340878177471e+03 2.258061637326979829e-02
9.400000000000000000e+01 1.201541526698330244e+03 2.198050569928592518e-02
9.500000000000000000e+01 1.169960671283610509e+03 2.140292454491823579e-02
9.600000000000000000e+01 1.139518151094248424e+03 2.084678986885412852e-02
9.700000000000000000e+01 1.110198153873740466e+03 2.031108187955402503e-02
9.800000000000000000e+01 1.082031781436756091e+03 1.979483972958290608e-02
9.900000000000000000e+01 1.054844610937958578e+03 1.929715753241957599e-02
1.000000000000000000e+02 1.028608504730422283e+03 1.881718067631445515e-02
1.010000000000000000e+02 1.003293119277281221e+03 1.835410241239182963e-02
1.020000000000000000e+02 9.788643453437712196e+02 1.790716069630915105e-02
1.030000000000000000e+02 9.552666707037625429e+02 1.747563526449858601e-02
1.040000000000000000e+02 9.324702508197626685e+02 1.705884492741514824e-02
1.050000000000000000e+02 9.105020435158377268e+02 1.665614506339175779e-02
1.060000000000000000e+02 8.892243893057618607e+02 1.626692529773159090e-02
1.070000000000000000e+02 8.685876355596604981e+02 1.589060735260764551e-02
1.080000000000000000e+02 8.487580517856906681e+02 1.552664305423497558e-02
1.090000000000000000e+02 8.294742229363106389e+02 1.517451248465848286e-02
1.100000000000000000e+02 8.108424818847149709e+02 1.483372226636974975e-02
1.110000000000000000e+02 7.928120305672454151e+02 1.450380396883577117e-02
1.120000000000000000e+02 7.753491871790107552e+02 1.418431262688165870e-02
1.130000000000000000e+02 7.584460896061737003e+02 1.387482536171047963e-02
1.140000000000000000e+02 7.420521048144415772e+02 1.357494009615447215e-02
1.150000000000000000e+02 7.261357588139466088e+02 1.328427435652077687e-02
1.160000000000000000e+02 7.107491025933876472e+02 1.300246415411324651e-02
1.170000000000000000e+02 6.958047971926677064e+02 1.272916294017321578e-02
1.180000000000000000e+02 6.813277159040296738e+02 1.246404062858210912e-02
1.190000000000000000e+02 6.672711536003266701e+02 1.220678268120880920e-02
1.200000000000000000e+02 6.536026966247191012e+02 1.195708925126437797e-02
1.210000000000000000e+02 6.403700662114897568e+02 1.171467438045250761e-02
1.220000000000000000e+02 6.274850709346499116e+02 1.147926524607856442e-02
1.230000000000000000e+02 6.149869124240901783e+02 1.125060145461121396e-02
1.240000000000000000e+02 6.028451346987839088e+02 1.102843437848215549e-02
1.250000000000000000e+02 5.910293049289375631e+02 1.081252653316858159e-02
1.260000000000000000e+02 5.795752525442150045e+02 1.060265099183381292e-02
1.270000000000000000e+02 5.684246939497739959e+02 1.039859083500833600e-02
1.280000000000000000e+02 5.575819370237970816e+02 1.020013863298083016e-02
1.290000000000000000e+02 5.470306556118105163e+02 1.000709595873840001e-02
1.300000000000000000e+02 5.367451743845876990e+02 9.819272929450961057e-03
1.310000000000000000e+02 5.267581975260891340e+02 9.636487774637174722e-03
1.320000000000000000e+02 5.170237039781980002e+02 9.458566429281051527e-03
1.330000000000000000e+02 5.075475414825348253e+02 9.285342150289869340e-03
1.340000000000000000e+02 4.983462003916220056e+02 9.116655154796605640e-03
1.350000000000000000e+02 4.893607557694758725e+02 8.952352278914514974e-03
1.360000000000000000e+02 4.806152097999218995e+02 8.792286655647935101e-03
1.370000000000000000e+02 4.720693125735412536e+02 8.636317410753643897e-03
1.380000000000000000e+02 4.637736513864565495e+02 8.484309375429641142e-03
1.390000000000000000e+02 4.556767779692708018e+02 8.336132814785937942e-03
1.400000000000000000e+02 4.477784301400452023e+02 8.191663171123141768e-03
1.410000000000000000e+02 4.400701249450625028e+02 8.050780821111120505e-03
1.420000000000000000e+02 4.325768313025718612e+02 7.913370846021356569e-03
1.430000000000000000e+02 4.252475736667349224e+02 7.779322814223665894e-03
1.440000000000000000e+02 4.180894604780185659e+02 7.648530575210850044e-03
1.450000000000000000e+02 4.111239935036744555e+02 7.520892064463657010e-03
1.460000000000000000e+02 4.043005967037071855e+02 7.396309118514078108e-03
1.470000000000000000e+02 3.976461253732479690e+02 7.274687299607052009e-03
1.480000000000000000e+02 3.911633091568931491e+02 7.155935729399817008e-03
1.490000000000000000e+02 3.848207813991275543e+02 7.039966931174481204e-03
1.500000000000000000e+02 3.786418505667658678e+02 6.926696680073215172e-03
1.510000000000000000e+02 3.725859358431811188e+02 6.816043860896743578e-03
1.520000000000000000e+02 3.666723741980927116e+02 6.707930333036101270e-03
1.530000000000000000e+02 3.608986266574754609e+02 6.602280802134699242e-03
1.540000000000000000e+02 3.552572153127621277e+02 6.499022698102995682e-03
1.550000000000000000e+02 3.497408074622150025e+02 6.398086059131708088e-03
1.560000000000000000e+02 3.443437783968701638e+02 6.299403421371314871e-03
1.570000000000000000e+02 3.390757943368507767e+02 6.202909713965988267e-03
1.580000000000000000e+02 3.339237291354593253e+02 6.108542159149330658e-03
1.590000000000000000e+02 3.288648892660980891e+02 6.016240177126907715e-03
1.600000000000000000e+02 3.239187330467956940e+02 5.925945295487110645e-03
