3.471649207294171369e+00
3.388431757065168082e+00
3.325962482045909940e+00
3.264143308186156389e+00
3.204075844129139927e+00
3.165501399107792491e+00
3.117671292600245447e+00
3.066662189647275660e+00
3.014094392555981106e+00
2.960579569894370877e+00
2.906232546811033490e+00
2.849140044810954286e+00
2.790094857948128837e+00
2.732809108387163288e+00
2.670702538546768867e+00
2.604024186766140225e+00
2.537982047941767405e+00
2.472900487622486043e+00
2.400609109135685593e+00
2.339512585851932780e+00
