3.593508769889509846e+00
3.511977560230640893e+00
3.451953332786865669e+00
3.394105068137505565e+00
3.336009808627487860e+00
3.299618376032603440e+00
3.253542745891097265e+00
3.203648414360069197e+00
3.154501468357600036e+00
3.101226762891267086e+00
3.048480716616750019e+00
2.992309394604379502e+00
2.933784182584208811e+00
2.877481366299833976e+00
2.821538454072062052e+00
2.760332293488975353e+00
2.700553252895371070e+00
2.626912750237624383e+00
2.563089801869212092e+00
2.504420595326228405e+00
